A   x                                  # 0.2880060 0.1432306
AA                                      # 0.7818363 0.9103438
BB    x                                 # 0.1846164 0.6829114
BB                                        [1,] 4.977853e-07 6.399835e-05 9.999355e-01  c  cc   [1,] 4.135000e-13 2.400607e-02 9.759939e-01
CC                                        [2,] 1.739291e-07 1.702500e-09 9.999998e-01  c  cc   [2,] 3.044785e-22 2.051475e-01 7.948525e-01
AA                                        [3,] 9.997116e-01 1.605710e-19 2.883974e-04  a  aa   [3,] 1.528473e-34 1.000000e+00 1.963642e-24
CC                                        [4,] 9.999732e-01 1.772048e-18 2.680043e-05  a  aa   [4,] 4.769844e-30 1.000000e+00 6.394675e-31
AA                                        [5,] 7.734601e-19 1.000000e+00 3.411017e-08  b  bb   [5,] 9.982276e-01 8.365789e-10 1.772433e-03
CC                                        [6,] 2.823975e-02 6.414292e-12 9.717603e-01  c  ca   [6,] 6.799511e-26 9.999907e-01 9.310009e-06
AA                                        [7,] 4.119709e-22 1.000000e+00 8.219370e-13  b  bb   [7,] 9.998043e-01 1.403164e-15 1.957035e-04
BB                                        [8,] 1.146654e-08 1.498817e-07 9.999998e-01  c  cc   [8,] 6.382361e-18 3.367382e-01 6.632618e-01
AA     x                                  [9,] 2.695732e-18 1.000000e+00 3.324563e-14  b  bb   [9,] 1.000000e+00 4.090306e-16 1.753001e-10
AA                                       [10,] 7.966485e-11 2.335850e-16 1.000000e+00  c  ca  [10,] 7.684403e-41 9.999999e-01 1.339801e-07
BB                                       [11,] 9.999987e-01 1.665157e-20 1.315481e-06  a  aa  [11,] 1.033098e-31 1.000000e+00 1.019772e-38
CC                                       [12,] 1.622156e-03 4.566443e-14 9.983778e-01  c  ca  [12,] 3.144167e-31 9.894612e-01 1.053876e-02
BB                                       [13,] 1.826100e-03 6.994266e-12 9.981739e-01  c  ca  [13,] 4.674437e-26 9.959616e-01 4.038413e-03
AA                                       [14,] 9.999964e-01 1.580870e-24 3.646286e-06  a  aa  [14,] 1.707571e-41 1.000000e+00 4.624536e-34
BB                                       [15,] 1.760114e-20 1.000000e+00 2.827372e-13  b  bb  [15,] 9.999827e-01 6.571787e-16 1.727882e-05
AA                                       [16,] 9.819357e-01 2.303951e-19 1.806431e-02  a  ab  [16,] 1.363565e-38 1.000000e+00 3.491976e-15
AA                                       [17,] 6.688846e-10 5.084992e-09 1.000000e+00  c  ca  [17,] 3.119189e-21 9.877350e-01 1.226501e-02
BB      x                                [18,] 9.999995e-01 9.546506e-28 4.973836e-07  a  aa  [18,] 6.819001e-47 1.000000e+00 1.511500e-38
BB                                       [19,] 1.691669e-06 1.817909e-13 9.999983e-01  c  cc  [19,] 2.229855e-31 2.648622e-01 7.351378e-01
CC                                       [20,] 6.006713e-05 3.944123e-15 9.999399e-01  c  ca  [20,] 1.161380e-34 5.065534e-01 4.934466e-01
AA                                       [21,] 9.999973e-01 5.777799e-31 2.724224e-06  a  aa  [21,] 9.035693e-57 1.000000e+00 1.378245e-31
BB       x                               [22,] 9.999994e-01 1.268057e-21 6.436745e-07  a  aa  [22,] 1.876797e-33 1.000000e+00 1.883310e-40
BB                                       [23,] 9.473853e-17 1.000000e+00 4.676690e-10  b  bb  [23,] 9.998163e-01 3.519917e-12 1.837015e-04
AA                                       [24,] 3.320008e-05 5.836107e-11 9.999668e-01  c  cc  [24,] 1.357228e-24 5.473645e-01 4.526355e-01
BB                                       [25,] 9.999205e-01 2.299582e-21 7.954882e-05  a  aa  [25,] 2.054903e-37 1.000000e+00 6.010450e-27
AA                                       [26,] 9.999862e-01 9.803693e-22 1.377028e-05  a  aa  [26,] 1.678404e-36 1.000000e+00 1.695390e-31
CC        x                              [27,] 1.601726e-06 4.127553e-14 9.999984e-01  c  cc  [27,] 5.217728e-33 2.677532e-01 7.322468e-01
CC                                       [28,] 1.000000e+00 3.008826e-23 9.542966e-09  a  aa  [28,] 2.230720e-33 1.000000e+00 1.769484e-53
BB         x                             [29,] 9.431021e-06 9.606568e-11 9.999906e-01  c  cc  [29,] 1.865243e-24 3.278970e-01 6.721030e-01
BB                                       [30,] 2.470614e-16 1.000000e+00 3.287672e-10  b  bb  [30,] 9.999598e-01 2.776769e-12 4.015460e-05
AA                                       [31,] 9.628757e-12 9.995186e-01 4.813701e-04  b  bc  [31,] 1.428562e-02 1.683475e-05 9.856975e-01
CC                                       [32,] 9.999954e-01 1.663582e-15 4.587224e-06  a  aa  [32,] 1.162792e-22 1.000000e+00 1.063495e-36
BB          x                            [33,] 9.999998e-01 3.902562e-25 2.036756e-07  a  aa  [33,] 5.106584e-40 1.000000e+00 1.354909e-42
BB                                       [34,] 2.139222e-05 1.441334e-10 9.999786e-01  c  cc  [34,] 8.206463e-24 4.567831e-01 5.432169e-01
AA           x                           [35,] 2.699442e-16 1.000000e+00 4.903849e-09  b  bb  [35,] 9.978701e-01 6.012209e-11 2.129933e-03
AA                                       [36,] 1.000000e+00 7.381779e-29 1.531174e-12  a  aa  [36,] 2.837872e-38 1.000000e+00 1.093110e-84
BB                                       [37,] 1.000000e+00 3.847606e-24 7.214933e-09  a  aa  [37,] 5.501377e-35 1.000000e+00 4.167450e-54
AA                                       [38,] 3.873000e-01 3.274455e-11 6.127000e-01  c  ca  [38,] 9.511196e-24 1.000000e+00 7.276264e-10
BB                                       [39,] 1.628968e-06 1.479227e-11 9.999984e-01  c  cc  [39,] 9.531116e-27 2.355753e-01 7.644247e-01
CC            x                          [40,] 9.999981e-01 2.012482e-23 1.878201e-06  a  aa  [40,] 2.467521e-38 1.000000e+00 1.677674e-36
CC             x                         [41,] 6.117944e-05 4.787023e-17 9.999388e-01  c  cc  [41,] 9.155203e-40 3.523826e-01 6.476174e-01
CC              x                        [42,] 9.999500e-01 3.486703e-22 5.000975e-05  a  aa  [42,] 8.243034e-39 1.000000e+00 8.111410e-28
CC               x                       [43,] 4.663169e-20 1.000000e+00 1.185266e-09  b  bb  [43,] 9.993494e-01 8.622582e-12 6.505953e-04
CC                                       [44,] 2.030959e-12 1.000000e+00 1.171684e-09  b  bb  [44,] 1.000000e+00 9.041288e-11 1.000908e-10
BB                                       [45,] 1.659929e-14 1.000000e+00 8.501011e-09  b  bb  [45,] 9.998672e-01 1.950590e-10 1.328451e-04
CC                                       [46,] 3.680650e-17 1.000000e+00 7.278915e-11  b  bb  [46,] 9.999750e-01 4.267348e-13 2.501634e-05
BB                                       [47,] 1.034264e-14 1.000000e+00 2.839727e-09  b  bb  [47,] 9.999742e-01 5.342520e-11 2.583803e-05
AA                                       [48,] 1.000000e+00 1.356070e-27 2.942802e-09  a  aa  [48,] 1.579784e-41 1.000000e+00 7.498332e-56
BB                                       [49,] 2.998575e-15 1.000000e+00 1.269338e-11  b  bb  [49,] 1.000000e+00 2.567508e-13 3.711060e-10
AA                x                      [50,] 9.999964e-01 7.814568e-24 3.552050e-06  a  aa  [50,] 6.969748e-40 1.000000e+00 1.892364e-34
AA                 x                     [51,] 5.263147e-06 3.226957e-10 9.999947e-01  c  cc  [51,] 2.078796e-23 2.570152e-01 7.429848e-01
AA                                       [52,] 9.997360e-01 5.421579e-11 2.640269e-04  a  aa  [52,] 5.567989e-17 1.000000e+00 3.806580e-27
BB                                       [53,] 3.940657e-06 7.808410e-09 9.999961e-01  c  cc  [53,] 2.016139e-20 1.921869e-01 8.078131e-01
AA                  x                    [54,] 7.973345e-06 5.200350e-14 9.999920e-01  c  cc  [54,] 2.015553e-32 2.973882e-01 7.026118e-01
AA                                       [55,] 2.586082e-06 9.157893e-16 9.999974e-01  c  cc  [55,] 3.061092e-37 2.370786e-01 7.629214e-01
BB                   x                   [56,] 9.836896e-01 3.806294e-16 1.631045e-02  a  aa  [56,] 5.128030e-31 1.000000e+00 1.477853e-16
BB                                       [57,] 5.329909e-06 1.864464e-08 9.999947e-01  c  cc  [57,] 1.569954e-19 2.033587e-01 7.966413e-01
AA                                       [58,] 1.306433e-06 9.602319e-12 9.999987e-01  c  cc  [58,] 3.183618e-27 2.397254e-01 7.602746e-01
CC                                       [59,] 9.770269e-01 3.262787e-11 2.297315e-02  a  aa  [59,] 8.334393e-21 1.000000e+00 3.396898e-17
AA                                       [60,] 9.999255e-01 2.072221e-17 7.453240e-05  a  aa  [60,] 1.081368e-28 1.000000e+00 1.350275e-28
BB                                       [61,] 5.184861e-07 3.356370e-08 9.999994e-01  c  cc  [61,] 1.902966e-19 1.098965e-01 8.901035e-01
AA                                       [62,] 2.008411e-23 1.000000e+00 1.861684e-14  b  bb  [62,] 9.998900e-01 2.931298e-17 1.099719e-04
CC                    x                  [63,] 1.206516e-05 4.047047e-11 9.999879e-01  c  cc  [63,] 2.940493e-25 3.640745e-01 6.359255e-01
CC                                       [64,] 9.998311e-01 3.911109e-17 1.688771e-04  a  aa  [64,] 7.861647e-29 1.000000e+00 1.298076e-26
BB                     x                 [65,] 1.591933e-04 1.110284e-07 9.998407e-01  c  cc  [65,] 5.383804e-17 8.767082e-01 1.232918e-01
BB                      x                [66,] 2.400377e-19 1.000000e+00 2.042819e-13  b  bb  [66,] 9.999994e-01 7.861219e-16 5.731585e-07
BB                       x               [67,] 3.868454e-18 1.000000e+00 5.912345e-10  b  bb  [67,] 9.985627e-01 3.426059e-12 1.437271e-03
BB                        x              [68,] 1.000000e+00 1.800696e-21 3.097382e-08  a  aa  [68,] 1.079620e-30 1.000000e+00 3.761581e-50
BB                                       [69,] 9.999777e-01 1.498164e-25 2.232412e-05  a  aa  [69,] 7.389744e-46 1.000000e+00 1.933390e-28
AA                                       [70,] 9.999987e-01 7.702940e-20 1.302621e-06  a  aa  [70,] 2.532954e-30 1.000000e+00 5.501354e-39
BB                                       [71,] 1.000000e+00 6.711676e-19 3.096663e-08  a  aa  [71,] 1.092398e-25 1.000000e+00 5.593939e-51
AA                                       [72,] 1.000000e+00 1.027681e-22 1.401197e-08  a  aa  [72,] 1.362199e-32 1.000000e+00 2.298432e-52
CC                                       [73,] 3.158359e-08 3.545539e-14 1.000000e+00  c  cc  [73,] 1.815248e-33 8.406537e-01 1.593463e-01
AA                         x             [74,] 9.999999e-01 2.507229e-30 6.258399e-08  a  aa  [74,] 9.221110e-51 1.000000e+00 6.043183e-44
AA                                       [75,] 9.911925e-04 1.232682e-14 9.990088e-01  c  ca  [75,] 1.083932e-32 9.707451e-01 2.925493e-02
CC                                       [76,] 3.591283e-18 1.000000e+00 3.008611e-12  b  bb  [76,] 9.999983e-01 1.342124e-14 1.719327e-06
BB                                       [77,] 2.805525e-05 4.836269e-16 9.999719e-01  c  cc  [77,] 2.452357e-37 3.235299e-01 6.764701e-01
CC                                       [78,] 1.146683e-06 4.287866e-14 9.999989e-01  c  cc  [78,] 5.199236e-33 2.796367e-01 7.203633e-01
BB                          x            [79,] 2.374298e-09 9.867435e-01 1.325653e-02  b  bc  [79,] 5.028226e-04 1.466932e-04 9.993505e-01
BB                           x           [80,] 9.998930e-01 8.116771e-24 1.069654e-04  a  aa  [80,] 1.846520e-43 1.000000e+00 4.268863e-25
BB                                       [81,] 1.921538e-19 1.000000e+00 1.222045e-12  b  bb  [81,] 9.999880e-01 3.532202e-15 1.200088e-05
AA                                       [82,] 1.000000e+00 9.055854e-33 1.186502e-11  a  aa  [82,] 6.404597e-48 1.000000e+00 1.072359e-74
CC                            x          [83,] 1.000000e+00 5.110081e-25 3.618961e-08  a  aa  [83,] 3.492355e-38 1.000000e+00 2.807088e-48
CC                                       [84,] 9.999992e-01 1.557959e-23 7.815438e-07  c  aa  [84,] 9.525283e-38 1.000000e+00 4.307005e-39
AA                                       [85,] 5.262212e-08 5.893633e-14 9.999999e-01  c  cc  [85,] 7.624271e-33 7.342750e-01 2.657250e-01
AA                                       [86,] 3.973556e-17 1.000000e+00 3.471622e-11  b  bb  [86,] 9.999936e-01 2.074352e-13 6.379253e-06
CC                                       [87,] 5.895889e-24 1.000000e+00 3.066478e-14  b  bb  [87,] 9.998572e-01 4.599403e-17 1.427842e-04
BB                             x         [88,] 7.857220e-07 1.903485e-14 9.999992e-01  c  cc  [88,] 5.976175e-34 3.042348e-01 6.957652e-01
BB                                       [89,] 2.524035e-08 1.289422e-13 1.000000e+00  c  cc  [89,] 4.754464e-32 8.528632e-01 1.471368e-01
AA                                       [90,] 2.451409e-17 1.000000e+00 6.788496e-12  b  bb  [90,] 9.999994e-01 4.144363e-14 5.503264e-07
AA                                       [91,] 9.999998e-01 5.588579e-26 1.865007e-07  a  aa  [91,] 8.087280e-42 1.000000e+00 1.689919e-42
BB                              x        [92,] 9.999999e-01 3.264975e-20 1.439383e-07  a  aa  [92,] 2.447363e-29 1.000000e+00 1.301203e-45
BB                                       [93,] 6.440330e-04 6.681441e-13 9.993560e-01  c  ca  [93,] 1.457479e-28 9.689974e-01 3.100256e-02
AA                               x       [94,] 2.284679e-11 1.422141e-07 9.999999e-01  c  ca  [94,] 2.348494e-18 9.999559e-01 4.408031e-05
AA                                x      [95,] 1.000000e+00 1.368765e-26 1.794143e-09  a  aa  [95,] 5.875086e-39 1.000000e+00 4.730535e-58
AA                                       [96,] 1.000000e+00 8.965311e-27 1.756297e-09  a  aa  [96,] 2.504401e-39 1.000000e+00 4.715842e-58
BB                                       [97,] 7.056364e-03 1.559030e-12 9.929436e-01  c  ca  [97,] 1.978333e-27 9.996701e-01 3.298907e-04
                                         [98,] 3.738151e-08 1.633266e-07 9.999998e-01  c  cc  [98,] 5.173507e-18 1.655713e-01 8.344287e-01
                                         [99,] 3.381585e-08 1.056904e-04 9.998943e-01  c  cc  [99,] 8.658529e-13 2.682513e-02 9.731749e-01
                                        [100,] 9.999375e-01 9.228529e-22 6.254804e-05  a  aa [100,] 4.508256e-38 1.000000e+00 2.080194e-27